locality	loc_abr	latitude	longitude	country	Tdob_Tcri	Tcri_Tiva	Tdob_Tiva	Tana_Tiva	Tcri_Tmac	Tdob_Tmac	Tiva_Tmac
Abanta Gölu	AbanGolu	40.612	31.288	Turkey	571.97	666.1	388.29	195.38	776.04	1032.39	700.82
Adapazari	Adapaz	40.799	30.440	Turkey	511.27	593.78	333.48	120.77	702.31	959.47	626.94
Aghios Kosmas	AgKosmas	41.084	24.671	Greece	278.68	242.26	273.4	321.64	292.89	545.05	141.14
Alepu	Alepu	42.348	27.714	Bulgaria	236.96	311.48	140.81	170.51	429.05	679.87	408.35
Alexandrovo	Alexan	42.602	25.099	Bulgaria	127.25	110.02	102.59	364.54	215.04	473.01	215.04
Alibahadır2	Alibah2	41.187	29.205	Turkey	412.84	482.19	257.42	9.05	589.92	847.59	519.45
Alistrati	Alistr	41.077	23.973	Greece	278.66	230.49	278.55	379.01	264.22	505.71	83.98
Ano Kalliniki	AnoKall	40.854	21.451	Greece	343.89	280.49	374.54	587.55	280.47	421.58	58.09
Aranđelovac	Arand	44.284	20.669	Serbia	52.14	52.25	19.56	767.02	164.15	69.51	45.22
Avdancık	Avdan	40.291	29.160	Turkey	495.42	535.29	354.86	30.21	634.83	896.12	530.57
Baçeköy Merkez	BacMer	41.175	28.992	Turkey	403.83	467.41	255.68	4.75	574.31	832.56	501.68
Bejar	Bejar	40.429	19.850	Albania	438.07	386.21	438.2	722.95	386.08	447.37	194.6
Bigla	Bigla	41.933	22.667	Macedonia	204.64	141.11	225.37	508.01	143.92	362.91	8.72
Bjeloši2	Bjel2	42.374	18.907	Montenegro	283.28	283.17	243.13	820.93	316.85	243.14	209.16
Blato	Blato	43.301	20.730	Serbia	112.47	108.85	112.42	711.36	142.41	147.32	34.63
Bolata	Bolata	43.384	28.471	Bulgaria	189.06	339.76	10.34	245.89	475.99	703.74	475.99
Bor	Bor	44.033	22.133	Serbia	42.72	30.41	69.89	650.63	58.31	189.82	39.61
Borovan	Borova	43.409	23.769	Bulgaria	33.17	26.1	45.67	501.69	96.38	336.93	96.38
Borovitsa	Borovi	43.590	22.770	Bulgaria	21.11	26.29	122.47	582.89	25.34	254.55	26.14
Bozdağ	Bozdag	38.367	28.103	Turkey	652.94	638	566.2	201.08	711.34	966.38	519.94
Budeni	Budeni	45.768	26.839	Romania	36.4	317.38	205.48	537.37	425.51	570.23	425.57
Büyük Kalecik	BuKal	38.687	30.455	Turkey	705.11	737.45	552.87	193.82	830.53	1092.05	692.64
Çakırlı	Cakili	40.446	37.483	Turkey	865.93	1146.11	811.49	711.41	1271.76	1515.42	1222.38
Çıbanköy	Ciban	41.202	34.038	Turkey	613.88	845.03	516.28	413.48	969.46	1214.79	923.94
Ciceu	Ciceu	46.404	25.790	Romania	143.24	336.54	284.23	634.58	411.13	513.96	411.09
Dafnochori	Dafno	40.950	22.800	Greece	312.59	247.14	316.19	474.89	253.51	459.17	4.91
Debreste	Debreste	41.502	21.293	Macedonia	282.59	220.24	302.42	608.23	220.15	349.2	55.25
Delimedje	Delime	43.091	20.265	Serbia	151.38	151.23	150.8	737.19	184.93	155.68	76.84
Dendrariuma	Dendra	42.628	23.228	Bulgaria	123.98	57.48	135.88	495.5	83.72	341.5	64.52
Divcibare	Divcib	44.100	19.933	Serbia	111.4	111.45	40.21	808.09	211.25	40.44	8.59
Doganovic	Dogan	42.216	21.189	Kosovo	219.58	161.82	223.3	634.17	161.63	272.18	69.91
Dojran	Dojran	41.241	22.718	Macedonia	280.91	216.31	289.5	485.9	220.88	428.06	3.76
Drugovo	Drugovo	41.413	20.815	Macedonia	310.7	250.03	314.81	646.29	249.89	347.5	90.25
Dursunköy	Dursun	41.207	28.642	Turkey	385.24	440.42	249.63	34.08	546.28	805.16	472.14
Ecka	Ecka	45.287	20.450	Serbia	64.96	137.21	77.09	834.73	249.32	104.45	104.72
Fushë-Krujë	FuKru	41.529	19.682	Albania	327.37	306.21	325.3	741.81	305.98	325.44	185.74
Garnikovo1	Garn1	41.27700043	22.060	Bulgaria	284.5	221.32	314.08	541.01	221.34	397.37	9.74
Golesh	Golesh	43.046	22.947	Turkey	79.55	15.38	123.46	538.51	34.24	295.86	34.24
Gölköy	Golok	40.083	33.347	Turkey	693.25	846.48	546.49	369.15	959.47	1214.38	883.49
Gornji Varbes	GorVar	43.204	21.963	Serbia	95.5	52.76	125.28	616.77	50.37	220.85	32.05
Gostivar	Gostivar	41.817	20.899	Macedonia	269.1	210.54	269.43	646.86	210.37	305.83	100.86
Grdelica	Grdelica	42.874	22.066	Serbia	118.29	59.26	162.25	592.72	59.06	251.81	28.58
Grivac	Grivac	43.967	20.667	Serbia	59.06	59.02	50.15	749.32	150.62	86.17	18.39
Gulluce	Gulluce	40.071	28.353	Turkey	488.1	500.81	376.12	30.2	593.08	854.66	471.24
Gürbulak	Gurbul	40.967	39.627	Turkey	966.58	1296.8	954.15	883.74	1427.57	1662.92	1393.82
Hanköy	Hankoy	41.002	32.616	Turkey	574.68	744.08	431.76	295.7	863.26	1113.73	806.74
Izgrev	Izgrev	43.594	26.977	Bulgaria	89.21	217.9	36.07	316.56	356.23	580.7	356.23
Jezero	Jezero	43.890	21.901	Serbia	59.53	5.98	60.74	660.32	57.46	177.12	15.14
Jezero Ploce	JezPloc	43.283	22.142	Serbia	78.86	38.64	124.59	608.29	33.77	226.96	16.67
Karacabey	Karaca	40.223	28.341	Turkey	472.29	488.18	359.31	17.18	582.01	843.68	465.26
Karakoç	Karako	41.487	32.142	Turkey	509.08	685.95	366.94	255.66	808.48	1055.89	763.9
Karan2	Karan2	43.888	19.926	Serbia	117.31	117.31	63.42	797.92	206.73	63.62	26.9
Karlovo	Karlovo	42.633	24.817	Bulgaria	113.59	90.48	100.91	386.74	192.11	450.93	192.11
Kentriko2	Kentr2	41.167	22.900	Greece	287.9	222.01	290.71	469.54	230.18	443.26	5.98
Kerameia	Keram	39.562	22.081	Greece	471.77	408.91	482	545.11	409.5	574.65	122.6
Keşan	Kesan	40.917	26.633	Turkey	343.52	333.39	306.01	157.82	420.53	681.85	307.14
Kethüda	Keth	41.116	36.017	Turkey	726.17	1003.99	667.59	579.84	1131.25	1372.81	1090.26
Kijevo2	Kijevo2	42.568	20.728	Kosovo	189.61	165.78	189.78	681.98	170.08	222	105.65
Kirazlıyayla	Kirazl	40.125	29.047	Turkey	507.32	539.78	371.98	9.67	637.14	898.73	526.05
Klokocevac	Klokoc	44.333	22.200	Serbia	30.15	54.79	72.76	661.79	88.05	189.26	68.97
Kocabey	Kocab	39.352	28.217	Turkey	556.23	553.35	456.44	101.6	636.96	896.73	485.38
Kolarovo	Kolar	41.355	23.126	Bulgaria	264.17	198.41	264.3	454.61	212.38	437.1	12.6
Kolibari	Kolib	41.580	20.951	Macedonia	288.97	228.36	295.14	637.8	228.22	332.33	84.73
Kolsh	Kolsh	42.072	20.326	Albania	251.84	227.11	251.92	699.29	226.87	267.94	141.26
Krivi Vir	KriVir	43.801	21.761	Serbia	58.67	8.98	59.76	664.36	61.74	170.79	0.2
Kuyumculu	Kuyum	41.057	30.789	Turkey	509.06	604.75	323.69	142.34	717.63	972.25	653.12
Leskoec	Lesko	40.962	20.885	Macedonia	351.53	289.27	363.99	635.75	289.18	397.67	89.91
Levski	Levski	43.417	25.133	Bulgaria	43.88	71.19	12.1	408.35	205.95	441.03	205.95
Livade	Livade	41.400	23.610	Bulgaria	247.79	191.4	247.8	416.24	219.21	458.67	51.94
Ljuberadja	Ljuber	43.032	22.395	Serbia	90.02	27.91	159.19	576.75	27.77	260.2	0.07
Loznani	Loznan	41.221	21.446	Macedonia	305.88	242.69	333.84	591.23	242.64	382.89	36.42
Lucane	Lucane	42.417	21.717	Serbia	176.52	115.95	203.6	599.63	115.8	273.23	37.18
Meri	Meri	45.220	23.382	Romania	82.02	189.09	196.58	642.9	198.6	293.31	198.42
Milanovac	Milan	44.183	21.600	Serbia	23.1	8.02	24.32	696.25	97.24	144.38	44.43
Mitrašinci	Mitras	41.750	22.767	Macedonia	224.24	159.85	237.82	494.19	164.68	384.05	25.31
Mollafeneri	Mollaf	40.894	29.507	Turkey	454.04	520.59	294.95	43.35	626.91	885.59	547.56
Montana2	Mont2	43.416	23.222	Bulgaria	36.76	28.82	87.84	541.57	53.93	295.79	54.03
Ostar Kamak	OstKam	41.879	25.853	Bulgaria	221.94	210.14	185.35	267.81	305.77	567.08	246.2
Paliambela	Paliam	38.909	20.970	Greece	562.41	498.98	587.85	656.12	498.97	623.41	236.75
Parshevitsa	Parshe	43.139	23.471	Bulgaria	65.79	1.79	81.86	508.45	70.92	327.46	70.92
Pefkodasos	Pefkod	41.030	22.580	Greece	305.19	241.28	315.64	494.22	244.13	442.15	13.47
Pogradec	Pogradec	40.931	20.640	Albania	364.28	302.71	369.83	656.18	302.6	397.2	110.37
Pomi	Pomi	47.694	23.320	Romania	12.53	416.35	403.74	853.46	464.17	449.72	449.47
Prepolac	Prepolac	43.009	21.233	Kosovo	134.71	101.97	135.14	660.8	113.61	196.53	53.04
Probistip	Probis	41.983	22.167	Macedonia	206.29	142.91	247.59	549.26	142.92	333.95	10.66
Promaja	Promaja	42.678	22.357	Serbia	127.86	64.41	185.87	561.91	64.4	284.04	6.09
Rataje	Rataje	43.477	21.106	Serbia	84.26	72.81	84.5	692.4	109.24	149.39	0.09
Resavica Pecina	ResPec	44.050	21.600	Serbia	29.57	2.43	30.77	689.83	87.43	148.35	30.58
Rtanj	Rtanj	43.772	21.932	Serbia	68.53	0.2	71.31	651.04	48.01	184.6	11.15
Rugince	Rugince	42.148	21.977	Macedonia	193.87	130.64	237.12	569.7	130.59	309.98	4.45
Safaalan	Safaa	41.432	28.087	Turkey	341.29	387.82	227.9	85.73	493.62	752.46	425.18
Safibey	Safibey	40.485	30.239	Turkey	527.4	597.15	358.03	115.23	702.77	961.94	615.58
Salihler	Salihler	39.181	26.826	Turkey	532.56	505.1	495.8	189.13	571.84	824.7	379.97
Saricaali	Saricaali	41.417	27.223	Turkey	312.55	329.66	251.44	148.83	430.32	691.07	352.97
Seben	Seben	40.584	31.637	Turkey	584.38	693.07	408.25	224.59	804.19	1059.93	730.48
Seli	Seli	40.568	22.022	Greece	362.29	299.4	382.87	538.51	299.44	467.99	58.27
Senta	Senta	45.917	20.100	Serbia	28.57	211.75	151.2	894.44	321.22	148.2	164.14
Shumnatitsa	Shumn	42.297	23.626	Bulgaria	151.63	92.19	151.74	449.53	132.84	390.01	97.11
Sikole	Sikole	44.177	22.313	Serbia	24.16	51.56	81.05	645.42	69.26	200.45	61.05
Sisevac	Sisevac	43.957	21.584	Serbia	36.27	9.74	37.35	685.69	82.55	150.72	22.39
Stanisinci	Stanisi	43.517	20.883	Serbia	85.5	84.31	85.47	710.5	126.92	134.25	8.32
Strâmba	Stramba	47.248	24.653	Romania	123.68	409.54	394.84	757.98	444.36	486.19	444.19
Sugören	Sugoren	40.554	29.325	Turkey	477.1	528.7	328.33	59.7	631.42	891.86	538.04
Tavna Monastire	TavMon	44.600	19.067	Bosnia_and_Herzegovina	183.32	184.15	63.19	895.12	294.63	15.34	63.32
Tîrgoviste	Tirgov	44.933	25.450	Romania	102.08	177.8	131.73	508.54	283.79	448.46	283.87
Todorovce	Todor	42.875	21.866	Serbia	127.66	72.23	156.7	607.57	71.98	240.44	44.81
Trilofos	Trilofos	40.358	22.477	Greece	380.26	316.35	387.38	500.44	318.93	504.62	30.66
Trnavac	Trnavac	44.003	22.345	Serbia	28.17	38.48	87.11	634	49.77	207.1	49.42
Ulukir	Ulukir	40.217	27.619	Turkey	447.7	446.6	367.87	66.97	534.43	795.53	406.83
Virfuri	Virfuri	46.283	22.467	Romania	53.9	246.64	238.26	775.53	302.41	289.56	281.53
Visegrad	Visegrad	43.783	19.333	Bosnia_and_Herzegovina	166.26	166.27	84.82	836.29	252.73	84.77	67.5
Vitanovac	Vitano	43.733	20.800	Serbia	68.12	67.97	67.38	727.47	134.64	111.74	5.6
Vlasi2	Vlasi2	42.998	22.638	Serbia	87.53	24.74	148.28	557.58	25.65	278.22	17.84
Vrtovac	Vrtovac	43.404	22.450	Serbia	52.09	18.19	129.81	593.77	5.79	240.64	12.16
Yakacık	Yakac	40.917	29.200	Turkey	437.38	497.32	286.76	20.6	602.73	861.93	521.57
Yalıçiftlik	Yalici	40.346	28.719	Turkey	473.03	502.6	345.42	12.92	600.22	861.76	492.73
Yaya	Yaya	40.010	26.940	Turkey	447.17	430.14	405.48	129.23	507.95	766.54	361.15
Zli Dol	ZliDol	42.422	22.453	Serbia	153.27	90.33	196.77	543.3	90.4	310.06	15
Zlot	Zlot	44.011	21.967	Serbia	56.04	18.34	58.33	661.44	63.37	177.7	28.8
Zverino	Zverino	43.094	23.580	Bulgaria	70.05	4.51	78.25	498.31	80.51	337.64	80.51
Zygos-Mikro	ZygMik	39.823	21.261	Greece	457.92	394.48	486.71	609.34	394.47	528.04	149.66
Alferce	Alferce	37.335	-8.506	Portugal	NA	NA	NA	NA	NA	NA	NA
Belgeard	Belgeard	48.259	-0.574	France	NA	NA	NA	NA	NA	NA	NA
Ceklin-Pijavica	CekPija	42.367	18.982	Montenegro	NA	NA	NA	NA	NA	NA	NA
Hacılar2	Hacilar2	41.495	32.089	Turkey	NA	NA	NA	NA	NA	NA	NA
Jublain3	Jublain3	48.220	-0.488	France	NA	NA	NA	NA	NA	NA	NA
Jublain4	Jublain4	48.251	-0.469	France	NA	NA	NA	NA	NA	NA	NA
Katex	Katex	41.646	46.543	Azerbaijan	NA	NA	NA	NA	NA	NA	NA
Keşan2	Kesan2	40.924	26.635	Turkey	NA	NA	NA	NA	NA	NA	NA
Prkovac	Prkovac	45.569	16.094	Croatia	NA	NA	NA	NA	NA	NA	NA
Radetići	Radetic	45.146	13.842	Croatia	NA	NA	NA	NA	NA	NA	NA
Sremski Karlovski	SremKarl	45.175	19.991	Serbia	NA	NA	NA	NA	NA	NA	NA
Valongo	Valongo	41.168	-8.500	Portugal	NA	NA	NA	NA	NA	NA	NA
Viterbo	Viterbo	42.703	13.325	Italy	NA	NA	NA	NA	NA	NA	NA
